NumNodes 20
10 1
9 18
2 17
14 7
18 3
7 0
0 19
10 7
6 17
9 5
12 3
6 17
3 4
4 18
11 14
15 0
12 16
11 1
2 4
2 17
14 18
11 3
13 8
10 18
0 17
11 10
14 18
10 16
10 19
2 19
2 0
4 11
11 3
3 16
14 9
1 19
12 17
0 5
7 18
13 15
5 13
8 0
18 19
9 3
2 7
0 5
11 7
3 11
11 16
3 19
16 3
10 14
4 13
12 2
5 9
12 15
1 6
12 0
3 2
1 2
3 10
17 11
2 1
11 9
14 17
10 0
2 12
19 16
3 15
19 11
12 9
14 7
0 2
16 12
11 0
5 19
11 5
11 17
0 11
11 6
3 2
0 2
0 7
17 3
1 13
7 13
3 16
10 2
6 9
11 9
12 13
15 17
9 16
6 5
6 1
8 1
6 9
11 0
7 8
9 7
18 19
17 10
8 6
14 15
0 10
13 6
13 7
12 13
10 4
5 17
6 11
10 3
6 17
2 8
8 10
17 16
13 8
4 17
7 10
12 5
17 16
18 0
3 5
15 12
18 1
6 4
16 14
11 16
2 8
13 17
9 15
12 11
2 12
