NumNodes 30
26 3
5 29
3 22
1 23
29 26
5 7
29 28
25 18
12 13
25 29
29 4
7 27
4 2
25 11
6 2
26 13
25 4
13 27
0 13
8 19
14 12
0 8
6 1
24 18
0 29
2 6
10 16
13 10
8 12
18 21
17 10
10 1
23 3
17 23
14 26
18 21
29 23
4 2
1 5
10 20
28 14
2 22
5 14
19 10
14 17
24 21
11 0
20 15
22 1
17 27
17 16
24 28
19 2
2 27
2 17
26 8
16 23
26 23
23 15
29 21
23 8
0 24
13 1
28 2
27 6
21 0
20 2
9 5
26 24
3 2
16 11
8 21
5 22
5 16
23 9
6 2
8 20
2 9
24 26
6 22
1 18
10 16
16 5
4 14
12 9
29 16
12 19
3 24
26 19
29 4
16 17
22 26
2 6
22 24
17 4
4 24
22 1
15 0
6 16
4 23
23 19
19 7
22 24
23 0
27 19
6 12
16 1
23 13
21 3
27 26
12 18
25 21
5 0
23 27
15 1
12 21
3 6
18 17
29 27
21 18
11 25
27 12
27 2
21 5
18 28
5 12
22 7
17 14
11 10
4 13
3 28
28 24
4 29
12 10
23 10
2 17
4 23
12 27
24 6
17 11
16 23
29 14
23 9
12 24
5 12
7 19
22 1
26 16
20 27
28 5
24 29
14 23
11 17
6 8
19 26
19 11
13 26
14 10
6 26
3 26
2 5
11 9
8 2
18 1
16 9
7 6
19 14
19 7
7 18
1 28
16 20
17 25
12 3
26 16
12 26
6 16
1 21
5 3
25 4
8 9
7 17
25 7
9 16
17 27
15 27
7 13
6 2
5 4
2 7
24 6
11 20
9 7
1 25
16 13
3 25
15 29
10 27
4 17
10 24
19 6
25 9
6 16
7 21
23 1
5 18
19 28
4 5
20 14
20 8
3 15
21 8
20 22
12 13
5 2
23 3
7 18
17 28
17 13
7 9
22 8
24 19
7 8
3 5
12 18
19 5
6 15
25 23
0 17
25 5
17 23
2 7
21 11
6 9
25 27
8 23
5 9
16 4
21 27
17 14
26 20
29 4
15 16
13 7
23 21
8 19
7 21
13 18
8 29
28 21
8 25
27 5
27 23
11 28
25 18
16 1
17 28
1 2
19 3
27 5
1 11
7 1
25 24
25 11
17 6
3 11
22 6
4 22
16 7
12 7
23 3
20 25
23 16
18 11
21 10
21 20
16 22
28 12
3 22
16 9
20 24
9 25
0 16
13 7
4 14
24 17
5 8
3 28
7 0
8 4
0 25
21 22
6 4
15 10
3 27
22 27
26 6
3 5
24 25
1 11
20 10
8 18
10 27
15 9
27 2
2 23
2 4
17 24
25 10
11 15
15 21
11 25
13 23
3 7
15 17
25 24
1 26
29 6
23 13
3 22
9 8
24 17
15 28
19 29
0 27
18 28
29 17
6 24
15 19
5 26
24 8
13 28
17 7
4 25
12 27
1 7
6 16
19 5
0 12
4 5
0 16
21 15
29 0
18 12
14 24
1 25
1 7
15 2
25 10
